lmd=0.0

              precision    recall  f1-score   support

    Politics   0.633166  0.636364  0.634761       198
   Economics   0.478723  0.473684  0.476190        95
   Education   0.619718  0.598639  0.608997       147
     Tourism   0.607143  0.557377  0.581197        61
 Environment   0.566038  0.689655  0.621762        87
    Language   0.567568  0.552632  0.560000        38
  Literature   0.500000  0.478261  0.488889        23
    Religion   0.594595  0.637681  0.615385        69
        Arts   0.463415  0.431818  0.447059        44
    Medicine   0.765957  0.679245  0.720000        53
     Customs   0.705882  0.352941  0.470588        34
 Instruments   0.774194  0.911392  0.837209        79

    accuracy                       0.612069       928
   macro avg   0.606367  0.583308  0.588503       928
weighted avg   0.612572  0.612069  0.608778       928
lmd=0.1

              precision    recall  f1-score   support

    Politics   0.649485  0.636364  0.642857       198
   Economics   0.506024  0.442105  0.471910        95
   Education   0.685039  0.591837  0.635036       147
     Tourism   0.583333  0.573770  0.578512        61
 Environment   0.643564  0.747126  0.691489        87
    Language   0.571429  0.631579  0.600000        38
  Literature   0.500000  0.521739  0.510638        23
    Religion   0.615385  0.695652  0.653061        69
        Arts   0.471698  0.568182  0.515464        44
    Medicine   0.672131  0.773585  0.719298        53
     Customs   0.692308  0.529412  0.600000        34
 Instruments   0.848101  0.848101  0.848101        79

    accuracy                       0.635776       928
   macro avg   0.619875  0.629954  0.622197       928
weighted avg   0.637431  0.635776  0.634402       928
lmd=0.2

              precision    recall  f1-score   support

    Politics   0.670103  0.656566  0.663265       198
   Economics   0.517647  0.463158  0.488889        95
   Education   0.747826  0.585034  0.656489       147
     Tourism   0.648148  0.573770  0.608696        61
 Environment   0.626263  0.712644  0.666667        87
    Language   0.523810  0.578947  0.550000        38
  Literature   0.424242  0.608696  0.500000        23
    Religion   0.638889  0.666667  0.652482        69
        Arts   0.407407  0.500000  0.448980        44
    Medicine   0.688525  0.792453  0.736842        53
     Customs   0.588235  0.588235  0.588235        34
 Instruments   0.811765  0.873418  0.841463        79

    accuracy                       0.637931       928
   macro avg   0.607738  0.633299  0.616834       928
weighted avg   0.644506  0.637931  0.638049       928
lmd=0.3

              precision    recall  f1-score   support

    Politics   0.659574  0.626263  0.642487       198
   Economics   0.494118  0.442105  0.466667        95
   Education   0.678832  0.632653  0.654930       147
     Tourism   0.656250  0.688525  0.672000        61
 Environment   0.617021  0.666667  0.640884        87
    Language   0.568182  0.657895  0.609756        38
  Literature   0.518519  0.608696  0.560000        23
    Religion   0.626667  0.681159  0.652778        69
        Arts   0.439024  0.409091  0.423529        44
    Medicine   0.681818  0.849057  0.756303        53
     Customs   0.642857  0.529412  0.580645        34
 Instruments   0.860759  0.860759  0.860759        79

    accuracy                       0.640086       928
   macro avg   0.620302  0.637690  0.626728       928
weighted avg   0.639122  0.640086  0.638064       928
lmd=0.4

              precision    recall  f1-score   support

    Politics   0.673575  0.656566  0.664962       198
   Economics   0.512821  0.421053  0.462428        95
   Education   0.736434  0.646259  0.688406       147
     Tourism   0.700000  0.688525  0.694215        61
 Environment   0.636364  0.724138  0.677419        87
    Language   0.575000  0.605263  0.589744        38
  Literature   0.405405  0.652174  0.500000        23
    Religion   0.689189  0.739130  0.713287        69
        Arts   0.413043  0.431818  0.422222        44
    Medicine   0.650794  0.773585  0.706897        53
     Customs   0.666667  0.529412  0.590164        34
 Instruments   0.817073  0.848101  0.832298        79

    accuracy                       0.650862       928
   macro avg   0.623030  0.643002  0.628503       928
weighted avg   0.654111  0.650862  0.649848       928
lmd=0.5

              precision    recall  f1-score   support

    Politics   0.683333  0.621212  0.650794       198
   Economics   0.527473  0.505263  0.516129        95
   Education   0.688889  0.632653  0.659574       147
     Tourism   0.590909  0.639344  0.614173        61
 Environment   0.673684  0.735632  0.703297        87
    Language   0.568182  0.657895  0.609756        38
  Literature   0.481481  0.565217  0.520000        23
    Religion   0.602564  0.681159  0.639456        69
        Arts   0.400000  0.500000  0.444444        44
    Medicine   0.688525  0.792453  0.736842        53
     Customs   0.653846  0.500000  0.566667        34
 Instruments   0.871429  0.772152  0.818792        79

    accuracy                       0.640086       928
   macro avg   0.619193  0.633582  0.623327       928
weighted avg   0.647349  0.640086  0.641499       928
lmd=0.6

              precision    recall  f1-score   support

    Politics   0.702247  0.631313  0.664894       198
   Economics   0.571429  0.505263  0.536313        95
   Education   0.708661  0.612245  0.656934       147
     Tourism   0.630769  0.672131  0.650794        61
 Environment   0.663265  0.747126  0.702703        87
    Language   0.564103  0.578947  0.571429        38
  Literature   0.458333  0.478261  0.468085        23
    Religion   0.574713  0.724638  0.641026        69
        Arts   0.373134  0.568182  0.450450        44
    Medicine   0.701754  0.754717  0.727273        53
     Customs   0.714286  0.441176  0.545455        34
 Instruments   0.827160  0.848101  0.837500        79

    accuracy                       0.645474       928
   macro avg   0.624155  0.630175  0.621071       928
weighted avg   0.655776  0.645474  0.646321       928
lmd=0.7

              precision    recall  f1-score   support

    Politics   0.681818  0.606061  0.641711       198
   Economics   0.505618  0.473684  0.489130        95
   Education   0.695312  0.605442  0.647273       147
     Tourism   0.600000  0.639344  0.619048        61
 Environment   0.684211  0.747126  0.714286        87
    Language   0.500000  0.552632  0.525000        38
  Literature   0.461538  0.521739  0.489796        23
    Religion   0.676056  0.695652  0.685714        69
        Arts   0.433962  0.522727  0.474227        44
    Medicine   0.646154  0.792453  0.711864        53
     Customs   0.514286  0.529412  0.521739        34
 Instruments   0.819277  0.860759  0.839506        79

    accuracy                       0.635776       928
   macro avg   0.601519  0.628919  0.613275       928
weighted avg   0.639206  0.635776  0.635522       928
lmd=0.8

              precision    recall  f1-score   support

    Politics   0.676829  0.560606  0.613260       198
   Economics   0.569620  0.473684  0.517241        95
   Education   0.773585  0.557823  0.648221       147
     Tourism   0.587500  0.770492  0.666667        61
 Environment   0.650485  0.770115  0.705263        87
    Language   0.562500  0.710526  0.627907        38
  Literature   0.461538  0.521739  0.489796        23
    Religion   0.604651  0.753623  0.670968        69
        Arts   0.456140  0.590909  0.514851        44
    Medicine   0.571429  0.754717  0.650407        53
     Customs   0.542857  0.558824  0.550725        34
 Instruments   0.864865  0.810127  0.836601        79

    accuracy                       0.637931       928
   macro avg   0.610167  0.652765  0.624326       928
weighted avg   0.652071  0.637931  0.637112       928
lmd=0.9

              precision    recall  f1-score   support

    Politics   0.685897  0.540404  0.604520       198
   Economics   0.463918  0.473684  0.468750        95
   Education   0.737288  0.591837  0.656604       147
     Tourism   0.527778  0.622951  0.571429        61
 Environment   0.537815  0.735632  0.621359        87
    Language   0.558140  0.631579  0.592593        38
  Literature   0.571429  0.521739  0.545455        23
    Religion   0.600000  0.652174  0.625000        69
        Arts   0.454545  0.454545  0.454545        44
    Medicine   0.636364  0.792453  0.705882        53
     Customs   0.484848  0.470588  0.477612        34
 Instruments   0.797619  0.848101  0.822086        79

    accuracy                       0.610991       928
   macro avg   0.587970  0.611307  0.595486       928
weighted avg   0.620929  0.610991  0.610395       928
lmd=1.0

              precision    recall  f1-score   support

    Politics   0.701987  0.535354  0.607450       198
   Economics   0.481013  0.400000  0.436782        95
   Education   0.723214  0.551020  0.625483       147
     Tourism   0.557143  0.639344  0.595420        61
 Environment   0.568966  0.758621  0.650246        87
    Language   0.533333  0.631579  0.578313        38
  Literature   0.500000  0.608696  0.549020        23
    Religion   0.548780  0.652174  0.596026        69
        Arts   0.393939  0.590909  0.472727        44
    Medicine   0.632353  0.811321  0.710744        53
     Customs   0.576923  0.441176  0.500000        34
 Instruments   0.823529  0.886076  0.853659        79

    accuracy                       0.610991       928
   macro avg   0.586765  0.625522  0.597989       928
weighted avg   0.624615  0.610991  0.609100       928

lmd=0.0

              precision    recall  f1-score   support

    Politics   0.625616  0.641414  0.633416       198
   Economics   0.470588  0.421053  0.444444        95
   Education   0.676471  0.625850  0.650177       147
     Tourism   0.641509  0.557377  0.596491        61
 Environment   0.575758  0.655172  0.612903        87
    Language   0.571429  0.631579  0.600000        38
  Literature   0.461538  0.521739  0.489796        23
    Religion   0.604938  0.710145  0.653333        69
        Arts   0.454545  0.454545  0.454545        44
    Medicine   0.720000  0.679245  0.699029        53
     Customs   0.692308  0.529412  0.600000        34
 Instruments   0.819277  0.860759  0.839506        79

    accuracy                       0.621767       928
   macro avg   0.609498  0.607358  0.606137       928
weighted avg   0.622558  0.621767  0.620515       928



lmd=0.1

              precision    recall  f1-score   support

    Politics   0.663158  0.636364  0.649485       198
   Economics   0.505882  0.452632  0.477778        95
   Education   0.655172  0.646259  0.650685       147
     Tourism   0.655172  0.622951  0.638655        61
 Environment   0.623762  0.724138  0.670213        87
    Language   0.595238  0.657895  0.625000        38
  Literature   0.500000  0.652174  0.566038        23
    Religion   0.647887  0.666667  0.657143        69
        Arts   0.522727  0.522727  0.522727        44
    Medicine   0.701754  0.754717  0.727273        53
     Customs   0.607143  0.500000  0.548387        34
 Instruments   0.870130  0.848101  0.858974        79

    accuracy                       0.644397       928
   macro avg   0.629002  0.640385  0.632696       928
weighted avg   0.644727  0.644397  0.643389       928



lmd=0.2

              precision    recall  f1-score   support

    Politics   0.615000  0.621212  0.618090       198
   Economics   0.506024  0.442105  0.471910        95
   Education   0.685484  0.578231  0.627306       147
     Tourism   0.639344  0.639344  0.639344        61
 Environment   0.670330  0.701149  0.685393        87
    Language   0.533333  0.631579  0.578313        38
  Literature   0.437500  0.608696  0.509091        23
    Religion   0.636364  0.710145  0.671233        69
        Arts   0.416667  0.568182  0.480769        44
    Medicine   0.755102  0.698113  0.725490        53
     Customs   0.607143  0.500000  0.548387        34
 Instruments   0.871795  0.860759  0.866242        79

    accuracy                       0.629310       928
   macro avg   0.614507  0.629960  0.618464       928
weighted avg   0.635812  0.629310  0.630108       928



lmd=0.3

              precision    recall  f1-score   support

    Politics   0.649485  0.636364  0.642857       198
   Economics   0.551724  0.505263  0.527473        95
   Education   0.703125  0.612245  0.654545       147
     Tourism   0.693548  0.704918  0.699187        61
 Environment   0.666667  0.712644  0.688889        87
    Language   0.538462  0.552632  0.545455        38
  Literature   0.541667  0.565217  0.553191        23
    Religion   0.662162  0.710145  0.685315        69
        Arts   0.457627  0.613636  0.524272        44
    Medicine   0.640625  0.773585  0.700855        53
     Customs   0.703704  0.558824  0.622951        34
 Instruments   0.844156  0.822785  0.833333        79

    accuracy                       0.650862       928
   macro avg   0.637746  0.647355  0.639860       928
weighted avg   0.655161  0.650862  0.651036       928



lmd=0.4

              precision    recall  f1-score   support

    Politics   0.668421  0.641414  0.654639       198
   Economics   0.522222  0.494737  0.508108        95
   Education   0.752066  0.619048  0.679104       147
     Tourism   0.647059  0.721311  0.682171        61
 Environment   0.681319  0.712644  0.696629        87
    Language   0.541667  0.684211  0.604651        38
  Literature   0.481481  0.565217  0.520000        23
    Religion   0.710145  0.710145  0.710145        69
        Arts   0.489362  0.522727  0.505495        44
    Medicine   0.676923  0.830189  0.745763        53
     Customs   0.580645  0.529412  0.553846        34
 Instruments   0.864198  0.886076  0.875000        79

    accuracy                       0.661638       928
   macro avg   0.634626  0.659761  0.644629       928
weighted avg   0.665234  0.661638  0.661203       928



lmd=0.5

              precision    recall  f1-score   support

    Politics   0.644670  0.641414  0.643038       198
   Economics   0.587302  0.389474  0.468354        95
   Education   0.728682  0.639456  0.681159       147
     Tourism   0.650794  0.672131  0.661290        61
 Environment   0.656566  0.747126  0.698925        87
    Language   0.600000  0.631579  0.615385        38
  Literature   0.482759  0.608696  0.538462        23
    Religion   0.625000  0.652174  0.638298        69
        Arts   0.433962  0.522727  0.474227        44
    Medicine   0.614286  0.811321  0.699187        53
     Customs   0.645161  0.588235  0.615385        34
 Instruments   0.817073  0.848101  0.832298        79

    accuracy                       0.646552       928
   macro avg   0.623855  0.646036  0.630501       928
weighted avg   0.649287  0.646552  0.643858       928



lmd=0.6

              precision    recall  f1-score   support

    Politics   0.698324  0.631313  0.663130       198
   Economics   0.551724  0.505263  0.527473        95
   Education   0.698529  0.646259  0.671378       147
     Tourism   0.621212  0.672131  0.645669        61
 Environment   0.637255  0.747126  0.687831        87
    Language   0.619048  0.684211  0.650000        38
  Literature   0.500000  0.478261  0.488889        23
    Religion   0.618421  0.681159  0.648276        69
        Arts   0.452830  0.545455  0.494845        44
    Medicine   0.690909  0.716981  0.703704        53
     Customs   0.586207  0.500000  0.539683        34
 Instruments   0.827160  0.848101  0.837500        79

    accuracy                       0.650862       928
   macro avg   0.625135  0.638022  0.629865       928
weighted avg   0.653249  0.650862  0.650416       928



lmd=0.7

              precision    recall  f1-score   support

    Politics   0.684524  0.580808  0.628415       198
   Economics   0.527473  0.505263  0.516129        95
   Education   0.723077  0.639456  0.678700       147
     Tourism   0.628571  0.721311  0.671756        61
 Environment   0.666667  0.735632  0.699454        87
    Language   0.581395  0.657895  0.617284        38
  Literature   0.500000  0.434783  0.465116        23
    Religion   0.662338  0.739130  0.698630        69
        Arts   0.426230  0.590909  0.495238        44
    Medicine   0.661538  0.811321  0.728814        53
     Customs   0.551724  0.470588  0.507937        34
 Instruments   0.846154  0.835443  0.840764        79

    accuracy                       0.648707       928
   macro avg   0.621641  0.643545  0.629020       928
weighted avg   0.654090  0.648707  0.648195       928



lmd=0.8

              precision    recall  f1-score   support

    Politics   0.697531  0.570707  0.627778       198
   Economics   0.470588  0.505263  0.487310        95
   Education   0.745902  0.619048  0.676580       147
     Tourism   0.597015  0.655738  0.625000        61
 Environment   0.632653  0.712644  0.670270        87
    Language   0.541667  0.684211  0.604651        38
  Literature   0.411765  0.608696  0.491228        23
    Religion   0.622951  0.550725  0.584615        69
        Arts   0.416667  0.568182  0.480769        44
    Medicine   0.634921  0.754717  0.689655        53
     Customs   0.592593  0.470588  0.524590        34
 Instruments   0.821429  0.873418  0.846626        79

    accuracy                       0.627155       928
   macro avg   0.598807  0.631161  0.609089       928
weighted avg   0.640071  0.627155  0.628802       928



lmd=0.9

              precision    recall  f1-score   support

    Politics   0.690141  0.494949  0.576471       198
   Economics   0.500000  0.494737  0.497354        95
   Education   0.666667  0.585034  0.623188       147
     Tourism   0.603448  0.573770  0.588235        61
 Environment   0.612245  0.689655  0.648649        87
    Language   0.564103  0.578947  0.571429        38
  Literature   0.428571  0.652174  0.517241        23
    Religion   0.534247  0.565217  0.549296        69
        Arts   0.314286  0.500000  0.385965        44
    Medicine   0.621212  0.773585  0.689076        53
     Customs   0.575758  0.558824  0.567164        34
 Instruments   0.780220  0.898734  0.835294        79

    accuracy                       0.598060       928
   macro avg   0.574241  0.613802  0.587447       928
weighted avg   0.612441  0.598060  0.598708       928



lmd=1.0

              precision    recall  f1-score   support

    Politics   0.679739  0.525253  0.592593       198
   Economics   0.505263  0.505263  0.505263        95
   Education   0.650000  0.619048  0.634146       147
     Tourism   0.565217  0.639344  0.600000        61
 Environment   0.600000  0.689655  0.641711        87
    Language   0.558140  0.631579  0.592593        38
  Literature   0.521739  0.521739  0.521739        23
    Religion   0.611111  0.637681  0.624113        69
        Arts   0.328571  0.522727  0.403509        44
    Medicine   0.655172  0.716981  0.684685        53
     Customs   0.720000  0.529412  0.610169        34
 Instruments   0.812500  0.822785  0.817610        79

    accuracy                       0.609914       928
   macro avg   0.600621  0.613456  0.602344       928
weighted avg   0.622889  0.609914  0.612008       928

lmd=0.0

              precision    recall  f1-score   support

    Politics   0.635071  0.676768  0.655257       198
   Economics   0.465116  0.421053  0.441989        95
   Education   0.683824  0.632653  0.657244       147
     Tourism   0.688889  0.508197  0.584906        61
 Environment   0.612245  0.689655  0.648649        87
    Language   0.536585  0.578947  0.556962        38
  Literature   0.428571  0.521739  0.470588        23
    Religion   0.592593  0.695652  0.640000        69
        Arts   0.433962  0.522727  0.474227        44
    Medicine   0.717391  0.622642  0.666667        53
     Customs   0.761905  0.470588  0.581818        34
 Instruments   0.817073  0.848101  0.832298        79

    accuracy                       0.623922       928
   macro avg   0.614435  0.599060  0.600884       928
weighted avg   0.629791  0.623922  0.623208       928



lmd=0.1

              precision    recall  f1-score   support

    Politics   0.656250  0.636364  0.646154       198
   Economics   0.520548  0.400000  0.452381        95
   Education   0.714286  0.612245  0.659341       147
     Tourism   0.666667  0.590164  0.626087        61
 Environment   0.666667  0.758621  0.709677        87
    Language   0.528302  0.736842  0.615385        38
  Literature   0.406250  0.565217  0.472727        23
    Religion   0.623377  0.695652  0.657534        69
        Arts   0.545455  0.545455  0.545455        44
    Medicine   0.605634  0.811321  0.693548        53
     Customs   0.620690  0.529412  0.571429        34
 Instruments   0.846154  0.835443  0.840764        79

    accuracy                       0.642241       928
   macro avg   0.616690  0.643061  0.624207       928
weighted avg   0.646052  0.642241  0.640092       928



lmd=0.2

              precision    recall  f1-score   support

    Politics   0.680851  0.646465  0.663212       198
   Economics   0.522727  0.484211  0.502732        95
   Education   0.721805  0.653061  0.685714       147
     Tourism   0.634921  0.655738  0.645161        61
 Environment   0.656250  0.724138  0.688525        87
    Language   0.575000  0.605263  0.589744        38
  Literature   0.500000  0.521739  0.510638        23
    Religion   0.641026  0.724638  0.680272        69
        Arts   0.450980  0.522727  0.484211        44
    Medicine   0.683333  0.773585  0.725664        53
     Customs   0.593750  0.558824  0.575758        34
 Instruments   0.880000  0.835443  0.857143        79

    accuracy                       0.654095       928
   macro avg   0.628387  0.642153  0.634064       928
weighted avg   0.657053  0.654095  0.654398       928



lmd=0.3

              precision    recall  f1-score   support

    Politics   0.649746  0.646465  0.648101       198
   Economics   0.530120  0.463158  0.494382        95
   Education   0.719697  0.646259  0.681004       147
     Tourism   0.678571  0.622951  0.649573        61
 Environment   0.677778  0.701149  0.689266        87
    Language   0.600000  0.631579  0.615385        38
  Literature   0.478261  0.478261  0.478261        23
    Religion   0.629630  0.739130  0.680000        69
        Arts   0.448276  0.590909  0.509804        44
    Medicine   0.677966  0.754717  0.714286        53
     Customs   0.593750  0.558824  0.575758        34
 Instruments   0.870130  0.848101  0.858974        79

    accuracy                       0.650862       928
   macro avg   0.629494  0.640125  0.632899       928
weighted avg   0.654089  0.650862  0.650879       928



lmd=0.4

              precision    recall  f1-score   support

    Politics   0.697297  0.651515  0.673629       198
   Economics   0.518072  0.452632  0.483146        95
   Education   0.722689  0.585034  0.646617       147
     Tourism   0.575342  0.688525  0.626866        61
 Environment   0.653061  0.735632  0.691892        87
    Language   0.575000  0.605263  0.589744        38
  Literature   0.405405  0.652174  0.500000        23
    Religion   0.626667  0.681159  0.652778        69
        Arts   0.450980  0.522727  0.484211        44
    Medicine   0.711864  0.792453  0.750000        53
     Customs   0.607143  0.500000  0.548387        34
 Instruments   0.850000  0.860759  0.855346        79

    accuracy                       0.645474       928
   macro avg   0.616127  0.643989  0.625218       928
weighted avg   0.652164  0.645474  0.645461       928



lmd=0.5

              precision    recall  f1-score   support

    Politics   0.656085  0.626263  0.640827       198
   Economics   0.512195  0.442105  0.474576        95
   Education   0.696970  0.625850  0.659498       147
     Tourism   0.636364  0.688525  0.661417        61
 Environment   0.670213  0.724138  0.696133        87
    Language   0.600000  0.631579  0.615385        38
  Literature   0.500000  0.565217  0.530612        23
    Religion   0.648649  0.695652  0.671329        69
        Arts   0.452830  0.545455  0.494845        44
    Medicine   0.709677  0.830189  0.765217        53
     Customs   0.625000  0.588235  0.606061        34
 Instruments   0.871795  0.860759  0.866242        79

    accuracy                       0.650862       928
   macro avg   0.631648  0.651997  0.640179       928
weighted avg   0.651789  0.650862  0.649897       928



lmd=0.6

              precision    recall  f1-score   support

    Politics   0.676301  0.590909  0.630728       198
   Economics   0.527473  0.505263  0.516129        95
   Education   0.694030  0.632653  0.661922       147
     Tourism   0.676923  0.721311  0.698413        61
 Environment   0.650485  0.770115  0.705263        87
    Language   0.571429  0.631579  0.600000        38
  Literature   0.600000  0.652174  0.625000        23
    Religion   0.650000  0.753623  0.697987        69
        Arts   0.444444  0.545455  0.489796        44
    Medicine   0.655738  0.754717  0.701754        53
     Customs   0.692308  0.529412  0.600000        34
 Instruments   0.864865  0.810127  0.836601        79

    accuracy                       0.653017       928
   macro avg   0.642000  0.658111  0.646966       928
weighted avg   0.657824  0.653017  0.652749       928



lmd=0.7

              precision    recall  f1-score   support

    Politics   0.685714  0.606061  0.643432       198
   Economics   0.558140  0.505263  0.530387        95
   Education   0.652482  0.625850  0.638889       147
     Tourism   0.666667  0.688525  0.677419        61
 Environment   0.677083  0.747126  0.710383        87
    Language   0.555556  0.657895  0.602410        38
  Literature   0.428571  0.521739  0.470588        23
    Religion   0.564103  0.637681  0.598639        69
        Arts   0.481481  0.590909  0.530612        44
    Medicine   0.688525  0.792453  0.736842        53
     Customs   0.629630  0.500000  0.557377        34
 Instruments   0.864865  0.810127  0.836601        79

    accuracy                       0.643319       928
   macro avg   0.621068  0.640302  0.627798       928
weighted avg   0.648257  0.643319  0.643633       928



lmd=0.8

              precision    recall  f1-score   support

    Politics   0.686047  0.595960  0.637838       198
   Economics   0.505495  0.484211  0.494624        95
   Education   0.712121  0.639456  0.673835       147
     Tourism   0.661538  0.704918  0.682540        61
 Environment   0.643564  0.747126  0.691489        87
    Language   0.609756  0.657895  0.632911        38
  Literature   0.521739  0.521739  0.521739        23
    Religion   0.615385  0.695652  0.653061        69
        Arts   0.363636  0.545455  0.436364        44
    Medicine   0.706897  0.773585  0.738739        53
     Customs   0.666667  0.470588  0.551724        34
 Instruments   0.818182  0.797468  0.807692        79

    accuracy                       0.641164       928
   macro avg   0.625919  0.636171  0.626880       928
weighted avg   0.650092  0.641164  0.642415       928



lmd=0.9

              precision    recall  f1-score   support

    Politics   0.656442  0.540404  0.592798       198
   Economics   0.494737  0.494737  0.494737        95
   Education   0.701613  0.591837  0.642066       147
     Tourism   0.582090  0.639344  0.609375        61
 Environment   0.659794  0.735632  0.695652        87
    Language   0.547619  0.605263  0.575000        38
  Literature   0.500000  0.565217  0.530612        23
    Religion   0.550000  0.637681  0.590604        69
        Arts   0.406250  0.590909  0.481481        44
    Medicine   0.656250  0.792453  0.717949        53
     Customs   0.608696  0.411765  0.491228        34
 Instruments   0.855422  0.898734  0.876543        79

    accuracy                       0.621767       928
   macro avg   0.601576  0.625331  0.608170       928
weighted avg   0.629539  0.621767  0.621166       928



lmd=1.0

              precision    recall  f1-score   support

    Politics   0.703448  0.515152  0.594752       198
   Economics   0.500000  0.484211  0.491979        95
   Education   0.682171  0.598639  0.637681       147
     Tourism   0.577465  0.672131  0.621212        61
 Environment   0.589286  0.758621  0.663317        87
    Language   0.547170  0.763158  0.637363        38
  Literature   0.461538  0.521739  0.489796        23
    Religion   0.626866  0.608696  0.617647        69
        Arts   0.456140  0.590909  0.514851        44
    Medicine   0.602941  0.773585  0.677686        53
     Customs   0.615385  0.470588  0.533333        34
 Instruments   0.780488  0.810127  0.795031        79

    accuracy                       0.617457       928
   macro avg   0.595241  0.630630  0.606221       928
weighted avg   0.628043  0.617457  0.615792       928

lmd=0.0

              precision    recall  f1-score   support

    Politics   0.682292  0.661616  0.671795       198
   Economics   0.433735  0.378947  0.404494        95
   Education   0.671642  0.612245  0.640569       147
     Tourism   0.631579  0.590164  0.610169        61
 Environment   0.571429  0.689655  0.625000        87
    Language   0.555556  0.657895  0.602410        38
  Literature   0.520000  0.565217  0.541667        23
    Religion   0.619718  0.637681  0.628571        69
        Arts   0.428571  0.545455  0.480000        44
    Medicine   0.692308  0.679245  0.685714        53
     Customs   0.720000  0.529412  0.610169        34
 Instruments   0.819277  0.860759  0.839506        79

    accuracy                       0.626078       928
   macro avg   0.612176  0.617358  0.611672       928
weighted avg   0.629154  0.626078  0.625487       928



lmd=0.1

              precision    recall  f1-score   support

    Politics   0.636816  0.646465  0.641604       198
   Economics   0.450000  0.473684  0.461538        95
   Education   0.750000  0.612245  0.674157       147
     Tourism   0.729167  0.573770  0.642202        61
 Environment   0.719512  0.678161  0.698225        87
    Language   0.551020  0.710526  0.620690        38
  Literature   0.500000  0.434783  0.465116        23
    Religion   0.610390  0.681159  0.643836        69
        Arts   0.448276  0.590909  0.509804        44
    Medicine   0.732143  0.773585  0.752294        53
     Customs   0.567568  0.617647  0.591549        34
 Instruments   0.850000  0.860759  0.855346        79

    accuracy                       0.643319       928
   macro avg   0.628741  0.637808  0.629697       928
weighted avg   0.652691  0.643319  0.645044       928



lmd=0.2

              precision    recall  f1-score   support

    Politics   0.670157  0.646465  0.658098       198
   Economics   0.539474  0.431579  0.479532        95
   Education   0.728682  0.639456  0.681159       147
     Tourism   0.727273  0.655738  0.689655        61
 Environment   0.691489  0.747126  0.718232        87
    Language   0.555556  0.657895  0.602410        38
  Literature   0.454545  0.652174  0.535714        23
    Religion   0.657534  0.695652  0.676056        69
        Arts   0.413793  0.545455  0.470588        44
    Medicine   0.684211  0.735849  0.709091        53
     Customs   0.571429  0.588235  0.579710        34
 Instruments   0.817073  0.848101  0.832298        79

    accuracy                       0.653017       928
   macro avg   0.625935  0.653644  0.636045       928
weighted avg   0.658366  0.653017  0.653184       928



lmd=0.3

              precision    recall  f1-score   support

    Politics   0.697297  0.651515  0.673629       198
   Economics   0.518072  0.452632  0.483146        95
   Education   0.707692  0.625850  0.664260       147
     Tourism   0.579710  0.655738  0.615385        61
 Environment   0.601852  0.747126  0.666667        87
    Language   0.571429  0.631579  0.600000        38
  Literature   0.555556  0.434783  0.487805        23
    Religion   0.620253  0.710145  0.662162        69
        Arts   0.437500  0.477273  0.456522        44
    Medicine   0.728814  0.811321  0.767857        53
     Customs   0.678571  0.558824  0.612903        34
 Instruments   0.822785  0.822785  0.822785        79

    accuracy                       0.646552       928
   macro avg   0.626628  0.631631  0.626093       928
weighted avg   0.649002  0.646552  0.645251       928



lmd=0.4

              precision    recall  f1-score   support

    Politics   0.678571  0.671717  0.675127       198
   Economics   0.494253  0.452632  0.472527        95
   Education   0.671533  0.625850  0.647887       147
     Tourism   0.649123  0.606557  0.627119        61
 Environment   0.678161  0.678161  0.678161        87
    Language   0.595238  0.657895  0.625000        38
  Literature   0.541667  0.565217  0.553191        23
    Religion   0.620253  0.710145  0.662162        69
        Arts   0.471698  0.568182  0.515464        44
    Medicine   0.666667  0.792453  0.724138        53
     Customs   0.750000  0.529412  0.620690        34
 Instruments   0.822785  0.822785  0.822785        79

    accuracy                       0.647629       928
   macro avg   0.636662  0.640084  0.635354       928
weighted avg   0.649877  0.647629  0.646966       928



lmd=0.5

              precision    recall  f1-score   support

    Politics   0.674157  0.606061  0.638298       198
   Economics   0.511364  0.473684  0.491803        95
   Education   0.683824  0.632653  0.657244       147
     Tourism   0.683333  0.672131  0.677686        61
 Environment   0.655914  0.701149  0.677778        87
    Language   0.545455  0.631579  0.585366        38
  Literature   0.666667  0.608696  0.636364        23
    Religion   0.635135  0.681159  0.657343        69
        Arts   0.471698  0.568182  0.515464        44
    Medicine   0.683333  0.773585  0.725664        53
     Customs   0.612903  0.558824  0.584615        34
 Instruments   0.811111  0.924051  0.863905        79

    accuracy                       0.649784       928
   macro avg   0.636241  0.652646  0.642627       928
weighted avg   0.649898  0.649784  0.648198       928



lmd=0.6

              precision    recall  f1-score   support

    Politics   0.647368  0.621212  0.634021       198
   Economics   0.505376  0.494737  0.500000        95
   Education   0.745614  0.578231  0.651341       147
     Tourism   0.694915  0.672131  0.683333        61
 Environment   0.677083  0.747126  0.710383        87
    Language   0.625000  0.657895  0.641026        38
  Literature   0.541667  0.565217  0.553191        23
    Religion   0.588235  0.724638  0.649351        69
        Arts   0.390625  0.568182  0.462963        44
    Medicine   0.719298  0.773585  0.745455        53
     Customs   0.666667  0.529412  0.590164        34
 Instruments   0.873418  0.873418  0.873418        79

    accuracy                       0.648707       928
   macro avg   0.639606  0.650482  0.641220       928
weighted avg   0.658259  0.648707  0.649895       928



lmd=0.7

              precision    recall  f1-score   support

    Politics   0.675824  0.621212  0.647368       198
   Economics   0.522727  0.484211  0.502732        95
   Education   0.678832  0.632653  0.654930       147
     Tourism   0.637931  0.606557  0.621849        61
 Environment   0.623762  0.724138  0.670213        87
    Language   0.666667  0.578947  0.619718        38
  Literature   0.387097  0.521739  0.444444        23
    Religion   0.647887  0.666667  0.657143        69
        Arts   0.428571  0.545455  0.480000        44
    Medicine   0.650000  0.735849  0.690265        53
     Customs   0.680000  0.500000  0.576271        34
 Instruments   0.848837  0.924051  0.884848        79

    accuracy                       0.641164       928
   macro avg   0.620678  0.628457  0.620815       928
weighted avg   0.645332  0.641164  0.640915       928



lmd=0.8

              precision    recall  f1-score   support

    Politics   0.686391  0.585859  0.632153       198
   Economics   0.534091  0.494737  0.513661        95
   Education   0.722222  0.619048  0.666667       147
     Tourism   0.706897  0.672131  0.689076        61
 Environment   0.647619  0.781609  0.708333        87
    Language   0.615385  0.631579  0.623377        38
  Literature   0.500000  0.565217  0.530612        23
    Religion   0.565217  0.753623  0.645963        69
        Arts   0.423729  0.568182  0.485437        44
    Medicine   0.639344  0.735849  0.684211        53
     Customs   0.692308  0.529412  0.600000        34
 Instruments   0.797468  0.797468  0.797468        79

    accuracy                       0.643319       928
   macro avg   0.627556  0.644559  0.631413       928
weighted avg   0.652184  0.643319  0.643436       928



lmd=0.9

              precision    recall  f1-score   support

    Politics   0.677215  0.540404  0.601124       198
   Economics   0.505263  0.505263  0.505263        95
   Education   0.696000  0.591837  0.639706       147
     Tourism   0.581081  0.704918  0.637037        61
 Environment   0.617647  0.724138  0.666667        87
    Language   0.585366  0.631579  0.607595        38
  Literature   0.541667  0.565217  0.553191        23
    Religion   0.558442  0.623188  0.589041        69
        Arts   0.448276  0.590909  0.509804        44
    Medicine   0.630769  0.773585  0.694915        53
     Customs   0.580645  0.529412  0.553846        34
 Instruments   0.833333  0.822785  0.828025        79

    accuracy                       0.622845       928
   macro avg   0.604642  0.633603  0.615518       928
weighted avg   0.630977  0.622845  0.622717       928



lmd=1.0

              precision    recall  f1-score   support

    Politics   0.671533  0.464646  0.549254       198
   Economics   0.500000  0.484211  0.491979        95
   Education   0.643411  0.564626  0.601449       147
     Tourism   0.651515  0.704918  0.677165        61
 Environment   0.598131  0.735632  0.659794        87
    Language   0.564103  0.578947  0.571429        38
  Literature   0.451613  0.608696  0.518519        23
    Religion   0.540230  0.681159  0.602564        69
        Arts   0.375000  0.545455  0.444444        44
    Medicine   0.693548  0.811321  0.747826        53
     Customs   0.580645  0.529412  0.553846        34
 Instruments   0.819277  0.860759  0.839506        79

    accuracy                       0.607759       928
   macro avg   0.590750  0.630815  0.604815       928
weighted avg   0.618154  0.607759  0.605788       928



lmd=0.0

              precision    recall  f1-score   support

    Politics   0.653465  0.666667  0.660000       198
   Economics   0.487805  0.421053  0.451977        95
   Education   0.692308  0.612245  0.649819       147
     Tourism   0.606557  0.606557  0.606557        61
 Environment   0.598039  0.701149  0.645503        87
    Language   0.615385  0.631579  0.623377        38
  Literature   0.478261  0.478261  0.478261        23
    Religion   0.564706  0.695652  0.623377        69
        Arts   0.404255  0.431818  0.417582        44
    Medicine   0.705882  0.679245  0.692308        53
     Customs   0.640000  0.470588  0.542373        34
 Instruments   0.839506  0.860759  0.850000        79

    accuracy                       0.627155       928
   macro avg   0.607181  0.604631  0.603428       928
weighted avg   0.628400  0.627155  0.625709       928



lmd=0.1

              precision    recall  f1-score   support

    Politics   0.652632  0.626263  0.639175       198
   Economics   0.511905  0.452632  0.480447        95
   Education   0.676471  0.625850  0.650177       147
     Tourism   0.656250  0.688525  0.672000        61
 Environment   0.647059  0.758621  0.698413        87
    Language   0.641026  0.657895  0.649351        38
  Literature   0.461538  0.521739  0.489796        23
    Religion   0.583333  0.710145  0.640523        69
        Arts   0.526316  0.454545  0.487805        44
    Medicine   0.677419  0.792453  0.730435        53
     Customs   0.642857  0.529412  0.580645        34
 Instruments   0.866667  0.822785  0.844156        79

    accuracy                       0.644397       928
   macro avg   0.628623  0.636739  0.630243       928
weighted avg   0.644642  0.644397  0.642535       928



lmd=0.2

              precision    recall  f1-score   support

    Politics   0.645833  0.626263  0.635897       198
   Economics   0.545455  0.505263  0.524590        95
   Education   0.710744  0.585034  0.641791       147
     Tourism   0.666667  0.655738  0.661157        61
 Environment   0.645833  0.712644  0.677596        87
    Language   0.545455  0.631579  0.585366        38
  Literature   0.518519  0.608696  0.560000        23
    Religion   0.645570  0.739130  0.689189        69
        Arts   0.481481  0.590909  0.530612        44
    Medicine   0.693548  0.811321  0.747826        53
     Customs   0.760000  0.558824  0.644068        34
 Instruments   0.850000  0.860759  0.855346        79

    accuracy                       0.651940       928
   macro avg   0.642425  0.657180  0.646120       928
weighted avg   0.656420  0.651940  0.651400       928



lmd=0.3

              precision    recall  f1-score   support

    Politics   0.650000  0.656566  0.653266       198
   Economics   0.522222  0.494737  0.508108        95
   Education   0.713115  0.591837  0.646840       147
     Tourism   0.694915  0.672131  0.683333        61
 Environment   0.673684  0.735632  0.703297        87
    Language   0.568182  0.657895  0.609756        38
  Literature   0.583333  0.608696  0.595745        23
    Religion   0.637500  0.739130  0.684564        69
        Arts   0.480769  0.568182  0.520833        44
    Medicine   0.711864  0.792453  0.750000        53
     Customs   0.750000  0.529412  0.620690        34
 Instruments   0.848101  0.848101  0.848101        79

    accuracy                       0.658405       928
   macro avg   0.652807  0.657898  0.652044       928
weighted avg   0.662195  0.658405  0.657813       928



lmd=0.4

              precision    recall  f1-score   support

    Politics   0.675258  0.661616  0.668367       198
   Economics   0.526882  0.515789  0.521277        95
   Education   0.736000  0.625850  0.676471       147
     Tourism   0.711864  0.688525  0.700000        61
 Environment   0.680851  0.735632  0.707182        87
    Language   0.611111  0.578947  0.594595        38
  Literature   0.611111  0.478261  0.536585        23
    Religion   0.689189  0.739130  0.713287        69
        Arts   0.437500  0.636364  0.518519        44
    Medicine   0.677966  0.754717  0.714286        53
     Customs   0.566667  0.500000  0.531250        34
 Instruments   0.829268  0.860759  0.844720        79

    accuracy                       0.662716       928
   macro avg   0.646139  0.647966  0.643878       928
weighted avg   0.667454  0.662716  0.662871       928



lmd=0.5

              precision    recall  f1-score   support

    Politics   0.693989  0.641414  0.666667       198
   Economics   0.515464  0.526316  0.520833        95
   Education   0.727273  0.598639  0.656716       147
     Tourism   0.672414  0.639344  0.655462        61
 Environment   0.650000  0.747126  0.695187        87
    Language   0.547619  0.605263  0.575000        38
  Literature   0.541667  0.565217  0.553191        23
    Religion   0.621951  0.739130  0.675497        69
        Arts   0.400000  0.500000  0.444444        44
    Medicine   0.709091  0.735849  0.722222        53
     Customs   0.750000  0.529412  0.620690        34
 Instruments   0.827586  0.911392  0.867470        79

    accuracy                       0.654095       928
   macro avg   0.638088  0.644925  0.637782       928
weighted avg   0.660667  0.654095  0.654235       928



lmd=0.6

              precision    recall  f1-score   support

    Politics   0.675532  0.641414  0.658031       198
   Economics   0.580247  0.494737  0.534091        95
   Education   0.710145  0.666667  0.687719       147
     Tourism   0.594203  0.672131  0.630769        61
 Environment   0.687500  0.758621  0.721311        87
    Language   0.625000  0.657895  0.641026        38
  Literature   0.714286  0.652174  0.681818        23
    Religion   0.608108  0.652174  0.629371        69
        Arts   0.448980  0.500000  0.473118        44
    Medicine   0.745455  0.773585  0.759259        53
     Customs   0.612903  0.558824  0.584615        34
 Instruments   0.825581  0.898734  0.860606        79

    accuracy                       0.664871       928
   macro avg   0.652328  0.660580  0.655145       928
weighted avg   0.664645  0.664871  0.663518       928



lmd=0.7

              precision    recall  f1-score   support

    Politics   0.648352  0.595960  0.621053       198
   Economics   0.506173  0.431579  0.465909        95
   Education   0.692857  0.659864  0.675958       147
     Tourism   0.575342  0.688525  0.626866        61
 Environment   0.619048  0.747126  0.677083        87
    Language   0.594595  0.578947  0.586667        38
  Literature   0.529412  0.391304  0.450000        23
    Religion   0.642857  0.652174  0.647482        69
        Arts   0.425926  0.522727  0.469388        44
    Medicine   0.632353  0.811321  0.710744        53
     Customs   0.583333  0.411765  0.482759        34
 Instruments   0.883117  0.860759  0.871795        79

    accuracy                       0.632543       928
   macro avg   0.611114  0.612671  0.607142       928
weighted avg   0.633886  0.632543  0.630031       928



lmd=0.8

              precision    recall  f1-score   support

    Politics   0.696429  0.590909  0.639344       198
   Economics   0.522727  0.484211  0.502732        95
   Education   0.720000  0.612245  0.661765       147
     Tourism   0.596774  0.606557  0.601626        61
 Environment   0.630000  0.724138  0.673797        87
    Language   0.581395  0.657895  0.617284        38
  Literature   0.444444  0.521739  0.480000        23
    Religion   0.587500  0.681159  0.630872        69
        Arts   0.373134  0.568182  0.450450        44
    Medicine   0.666667  0.754717  0.707965        53
     Customs   0.551724  0.470588  0.507937        34
 Instruments   0.848101  0.848101  0.848101        79

    accuracy                       0.630388       928
   macro avg   0.601575  0.626703  0.610156       928
weighted avg   0.641129  0.630388  0.632099       928



lmd=0.9

              precision    recall  f1-score   support

    Politics   0.670455  0.595960  0.631016       198
   Economics   0.583333  0.442105  0.502994        95
   Education   0.708661  0.612245  0.656934       147
     Tourism   0.606061  0.655738  0.629921        61
 Environment   0.614679  0.770115  0.683673        87
    Language   0.571429  0.631579  0.600000        38
  Literature   0.428571  0.521739  0.470588        23
    Religion   0.600000  0.608696  0.604317        69
        Arts   0.424242  0.636364  0.509091        44
    Medicine   0.745098  0.716981  0.730769        53
     Customs   0.555556  0.588235  0.571429        34
 Instruments   0.788235  0.848101  0.817073        79

    accuracy                       0.633621       928
   macro avg   0.608027  0.635655  0.617317       928
weighted avg   0.641244  0.633621  0.633221       928



lmd=1.0

              precision    recall  f1-score   support

    Politics   0.635802  0.520202  0.572222       198
   Economics   0.428571  0.442105  0.435233        95
   Education   0.636364  0.571429  0.602151       147
     Tourism   0.600000  0.639344  0.619048        61
 Environment   0.601942  0.712644  0.652632        87
    Language   0.581395  0.657895  0.617284        38
  Literature   0.590909  0.565217  0.577778        23
    Religion   0.583333  0.608696  0.595745        69
        Arts   0.370968  0.522727  0.433962        44
    Medicine   0.634921  0.754717  0.689655        53
     Customs   0.500000  0.441176  0.468750        34
 Instruments   0.842105  0.810127  0.825806        79

    accuracy                       0.594828       928
   macro avg   0.583859  0.603857  0.590855       928
weighted avg   0.601887  0.594828  0.595235       928



lmd=0.0

              precision    recall  f1-score   support

    Politics   0.661692  0.671717  0.666667       198
   Economics   0.459770  0.421053  0.439560        95
   Education   0.688406  0.646259  0.666667       147
     Tourism   0.607843  0.508197  0.553571        61
 Environment   0.578431  0.678161  0.624339        87
    Language   0.600000  0.631579  0.615385        38
  Literature   0.400000  0.521739  0.452830        23
    Religion   0.571429  0.637681  0.602740        69
        Arts   0.489362  0.522727  0.505495        44
    Medicine   0.640000  0.603774  0.621359        53
     Customs   0.700000  0.411765  0.518519        34
 Instruments   0.823529  0.886076  0.853659        79

    accuracy                       0.621767       928
   macro avg   0.601705  0.595061  0.593399       928
weighted avg   0.623955  0.621767  0.620124       928



lmd=0.1

              precision    recall  f1-score   support

    Politics   0.675127  0.671717  0.673418       198
   Economics   0.488636  0.452632  0.469945        95
   Education   0.703125  0.612245  0.654545       147
     Tourism   0.639344  0.639344  0.639344        61
 Environment   0.626263  0.712644  0.666667        87
    Language   0.604651  0.684211  0.641975        38
  Literature   0.500000  0.565217  0.530612        23
    Religion   0.641026  0.724638  0.680272        69
        Arts   0.465116  0.454545  0.459770        44
    Medicine   0.650000  0.735849  0.690265        53
     Customs   0.700000  0.617647  0.656250        34
 Instruments   0.880000  0.835443  0.857143        79

    accuracy                       0.648707       928
   macro avg   0.631107  0.642178  0.635017       928
weighted avg   0.650735  0.648707  0.648253       928



lmd=0.2

              precision    recall  f1-score   support

    Politics   0.683417  0.686869  0.685139       198
   Economics   0.500000  0.452632  0.475138        95
   Education   0.747899  0.605442  0.669173       147
     Tourism   0.661290  0.672131  0.666667        61
 Environment   0.648936  0.701149  0.674033        87
    Language   0.547619  0.605263  0.575000        38
  Literature   0.481481  0.565217  0.520000        23
    Religion   0.649351  0.724638  0.684932        69
        Arts   0.470588  0.545455  0.505263        44
    Medicine   0.677419  0.792453  0.730435        53
     Customs   0.703704  0.558824  0.622951        34
 Instruments   0.829268  0.860759  0.844720        79

    accuracy                       0.656250       928
   macro avg   0.633414  0.647569  0.637788       928
weighted avg   0.659795  0.656250  0.655603       928



lmd=0.3

              precision    recall  f1-score   support

    Politics   0.677083  0.656566  0.666667       198
   Economics   0.581081  0.452632  0.508876        95
   Education   0.699301  0.680272  0.689655       147
     Tourism   0.685185  0.606557  0.643478        61
 Environment   0.663158  0.724138  0.692308        87
    Language   0.590909  0.684211  0.634146        38
  Literature   0.466667  0.608696  0.528302        23
    Religion   0.593407  0.782609  0.675000        69
        Arts   0.511628  0.500000  0.505747        44
    Medicine   0.740741  0.754717  0.747664        53
     Customs   0.629630  0.500000  0.557377        34
 Instruments   0.827160  0.848101  0.837500        79

    accuracy                       0.660560       928
   macro avg   0.638829  0.649875  0.640560       928
weighted avg   0.661865  0.660560  0.658428       928



lmd=0.4

              precision    recall  f1-score   support

    Politics   0.654639  0.641414  0.647959       198
   Economics   0.518072  0.452632  0.483146        95
   Education   0.715385  0.632653  0.671480       147
     Tourism   0.632353  0.704918  0.666667        61
 Environment   0.680851  0.735632  0.707182        87
    Language   0.589744  0.605263  0.597403        38
  Literature   0.583333  0.608696  0.595745        23
    Religion   0.602410  0.724638  0.657895        69
        Arts   0.460000  0.522727  0.489362        44
    Medicine   0.666667  0.754717  0.707965        53
     Customs   0.642857  0.529412  0.580645        34
 Instruments   0.853333  0.810127  0.831169        79

    accuracy                       0.648707       928
   macro avg   0.633304  0.643569  0.636385       928
weighted avg   0.650907  0.648707  0.648007       928



lmd=0.5

              precision    recall  f1-score   support

    Politics   0.676136  0.601010  0.636364       198
   Economics   0.574713  0.526316  0.549451        95
   Education   0.698413  0.598639  0.644689       147
     Tourism   0.666667  0.721311  0.692913        61
 Environment   0.644231  0.770115  0.701571        87
    Language   0.568182  0.657895  0.609756        38
  Literature   0.583333  0.608696  0.595745        23
    Religion   0.631579  0.695652  0.662069        69
        Arts   0.425926  0.522727  0.469388        44
    Medicine   0.688525  0.792453  0.736842        53
     Customs   0.692308  0.529412  0.600000        34
 Instruments   0.833333  0.886076  0.858896        79

    accuracy                       0.655172       928
   macro avg   0.640279  0.659192  0.646474       928
weighted avg   0.658454  0.655172  0.653864       928



lmd=0.6

              precision    recall  f1-score   support

    Politics   0.690217  0.641414  0.664921       198
   Economics   0.608108  0.473684  0.532544        95
   Education   0.681481  0.625850  0.652482       147
     Tourism   0.626866  0.688525  0.656250        61
 Environment   0.629630  0.781609  0.697436        87
    Language   0.589744  0.605263  0.597403        38
  Literature   0.565217  0.565217  0.565217        23
    Religion   0.635135  0.681159  0.657343        69
        Arts   0.459016  0.636364  0.533333        44
    Medicine   0.625000  0.754717  0.683761        53
     Customs   0.458333  0.323529  0.379310        34
 Instruments   0.880000  0.835443  0.857143        79

    accuracy                       0.648707       928
   macro avg   0.620729  0.634398  0.623095       928
weighted avg   0.652249  0.648707  0.646815       928



lmd=0.7

              precision    recall  f1-score   support

    Politics   0.677596  0.626263  0.650919       198
   Economics   0.541176  0.484211  0.511111        95
   Education   0.700787  0.605442  0.649635       147
     Tourism   0.641791  0.704918  0.671875        61
 Environment   0.704545  0.712644  0.708571        87
    Language   0.627907  0.710526  0.666667        38
  Literature   0.500000  0.608696  0.549020        23
    Religion   0.594937  0.681159  0.635135        69
        Arts   0.378788  0.568182  0.454545        44
    Medicine   0.661290  0.773585  0.713043        53
     Customs   0.727273  0.470588  0.571429        34
 Instruments   0.833333  0.822785  0.828025        79

    accuracy                       0.645474       928
   macro avg   0.632452  0.647417  0.634165       928
weighted avg   0.654874  0.645474  0.646533       928



lmd=0.8

              precision    recall  f1-score   support

    Politics   0.728395  0.595960  0.655556       198
   Economics   0.510638  0.505263  0.507937        95
   Education   0.683453  0.646259  0.664336       147
     Tourism   0.641791  0.704918  0.671875        61
 Environment   0.687500  0.758621  0.721311        87
    Language   0.595238  0.657895  0.625000        38
  Literature   0.538462  0.608696  0.571429        23
    Religion   0.586667  0.637681  0.611111        69
        Arts   0.355932  0.477273  0.407767        44
    Medicine   0.622951  0.716981  0.666667        53
     Customs   0.590909  0.382353  0.464286        34
 Instruments   0.800000  0.860759  0.829268        79

    accuracy                       0.639009       928
   macro avg   0.611828  0.629388  0.616378       928
weighted avg   0.646136  0.639009  0.639097       928



lmd=0.9

              precision    recall  f1-score   support

    Politics   0.692810  0.535354  0.603989       198
   Economics   0.534884  0.484211  0.508287        95
   Education   0.691057  0.578231  0.629630       147
     Tourism   0.575000  0.754098  0.652482        61
 Environment   0.625000  0.689655  0.655738        87
    Language   0.565217  0.684211  0.619048        38
  Literature   0.560000  0.608696  0.583333        23
    Religion   0.534091  0.681159  0.598726        69
        Arts   0.393939  0.590909  0.472727        44
    Medicine   0.706897  0.773585  0.738739        53
     Customs   0.548387  0.500000  0.523077        34
 Instruments   0.868421  0.835443  0.851613        79

    accuracy                       0.625000       928
   macro avg   0.607975  0.642963  0.619782       928
weighted avg   0.638239  0.625000  0.625594       928



lmd=1.0

              precision    recall  f1-score   support

    Politics   0.716312  0.510101  0.595870       198
   Economics   0.460784  0.494737  0.477157        95
   Education   0.707317  0.591837  0.644444       147
     Tourism   0.545455  0.688525  0.608696        61
 Environment   0.577320  0.643678  0.608696        87
    Language   0.521739  0.631579  0.571429        38
  Literature   0.523810  0.478261  0.500000        23
    Religion   0.587500  0.681159  0.630872        69
        Arts   0.393939  0.590909  0.472727        44
    Medicine   0.589041  0.811321  0.682540        53
     Customs   0.703704  0.558824  0.622951        34
 Instruments   0.866667  0.822785  0.844156        79

    accuracy                       0.612069       928
   macro avg   0.599466  0.625310  0.604961       928
weighted avg   0.631935  0.612069  0.613923       928



lmd=0.0

              precision    recall  f1-score   support

    Politics   0.656863  0.676768  0.666667       198
   Economics   0.511364  0.473684  0.491803        95
   Education   0.679104  0.619048  0.647687       147
     Tourism   0.618182  0.557377  0.586207        61
 Environment   0.600000  0.724138  0.656250        87
    Language   0.585366  0.631579  0.607595        38
  Literature   0.480000  0.521739  0.500000        23
    Religion   0.597222  0.623188  0.609929        69
        Arts   0.510204  0.568182  0.537634        44
    Medicine   0.717391  0.622642  0.666667        53
     Customs   0.727273  0.470588  0.571429        34
 Instruments   0.770115  0.848101  0.807229        79

    accuracy                       0.632543       928
   macro avg   0.621090  0.611419  0.612425       928
weighted avg   0.634596  0.632543  0.631084       928



lmd=0.1

              precision    recall  f1-score   support

    Politics   0.665025  0.681818  0.673317       198
   Economics   0.517241  0.473684  0.494505        95
   Education   0.689394  0.619048  0.652330       147
     Tourism   0.686275  0.573770  0.625000        61
 Environment   0.677419  0.724138  0.700000        87
    Language   0.538462  0.736842  0.622222        38
  Literature   0.538462  0.608696  0.571429        23
    Religion   0.661765  0.652174  0.656934        69
        Arts   0.396226  0.477273  0.432990        44
    Medicine   0.700000  0.792453  0.743363        53
     Customs   0.722222  0.382353  0.500000        34
 Instruments   0.811765  0.873418  0.841463        79

    accuracy                       0.647629       928
   macro avg   0.633688  0.632972  0.626129       928
weighted avg   0.651594  0.647629  0.645747       928



lmd=0.2

              precision    recall  f1-score   support

    Politics   0.643216  0.646465  0.644836       198
   Economics   0.537500  0.452632  0.491429        95
   Education   0.681159  0.639456  0.659649       147
     Tourism   0.684211  0.639344  0.661017        61
 Environment   0.616822  0.758621  0.680412        87
    Language   0.609756  0.657895  0.632911        38
  Literature   0.550000  0.478261  0.511628        23
    Religion   0.702703  0.753623  0.727273        69
        Arts   0.555556  0.568182  0.561798        44
    Medicine   0.661017  0.735849  0.696429        53
     Customs   0.724138  0.617647  0.666667        34
 Instruments   0.810127  0.810127  0.810127        79

    accuracy                       0.654095       928
   macro avg   0.648017  0.646508  0.645348       928
weighted avg   0.653401  0.654095  0.652097       928



lmd=0.3

              precision    recall  f1-score   support

    Politics   0.643617  0.611111  0.626943       198
   Economics   0.494505  0.473684  0.483871        95
   Education   0.708661  0.612245  0.656934       147
     Tourism   0.641509  0.557377  0.596491        61
 Environment   0.640000  0.735632  0.684492        87
    Language   0.562500  0.710526  0.627907        38
  Literature   0.560000  0.608696  0.583333        23
    Religion   0.620690  0.782609  0.692308        69
        Arts   0.468085  0.500000  0.483516        44
    Medicine   0.714286  0.754717  0.733945        53
     Customs   0.680000  0.500000  0.576271        34
 Instruments   0.876543  0.898734  0.887500        79

    accuracy                       0.645474       928
   macro avg   0.634200  0.645444  0.636126       928
weighted avg   0.647955  0.645474  0.643895       928



lmd=0.4

              precision    recall  f1-score   support

    Politics   0.652850  0.636364  0.644501       198
   Economics   0.530864  0.452632  0.488636        95
   Education   0.747967  0.625850  0.681481       147
     Tourism   0.687500  0.540984  0.605505        61
 Environment   0.709302  0.701149  0.705202        87
    Language   0.581395  0.657895  0.617284        38
  Literature   0.451613  0.608696  0.518519        23
    Religion   0.602410  0.724638  0.657895        69
        Arts   0.386667  0.659091  0.487395        44
    Medicine   0.703704  0.716981  0.710280        53
     Customs   0.629630  0.500000  0.557377        34
 Instruments   0.809524  0.860759  0.834356        79

    accuracy                       0.642241       928
   macro avg   0.624452  0.640420  0.625703       928
weighted avg   0.654106  0.642241  0.643567       928



lmd=0.5

              precision    recall  f1-score   support

    Politics   0.693642  0.606061  0.646900       198
   Economics   0.504950  0.536842  0.520408        95
   Education   0.678832  0.632653  0.654930       147
     Tourism   0.695652  0.524590  0.598131        61
 Environment   0.681319  0.712644  0.696629        87
    Language   0.543478  0.657895  0.595238        38
  Literature   0.538462  0.608696  0.571429        23
    Religion   0.681818  0.652174  0.666667        69
        Arts   0.421053  0.545455  0.475248        44
    Medicine   0.671642  0.849057  0.750000        53
     Customs   0.526316  0.588235  0.555556        34
 Instruments   0.850000  0.860759  0.855346        79

    accuracy                       0.645474       928
   macro avg   0.623930  0.647922  0.632207       928
weighted avg   0.653081  0.645474  0.646311       928



lmd=0.6

              precision    recall  f1-score   support

    Politics   0.673913  0.626263  0.649215       198
   Economics   0.494624  0.484211  0.489362        95
   Education   0.728814  0.585034  0.649057       147
     Tourism   0.616667  0.606557  0.611570        61
 Environment   0.622642  0.758621  0.683938        87
    Language   0.565217  0.684211  0.619048        38
  Literature   0.518519  0.608696  0.560000        23
    Religion   0.666667  0.695652  0.680851        69
        Arts   0.452830  0.545455  0.494845        44
    Medicine   0.676923  0.830189  0.745763        53
     Customs   0.615385  0.470588  0.533333        34
 Instruments   0.820513  0.810127  0.815287        79

    accuracy                       0.641164       928
   macro avg   0.621059  0.642133  0.627689       928
weighted avg   0.646870  0.641164  0.640599       928



lmd=0.7

              precision    recall  f1-score   support

    Politics   0.666667  0.636364  0.651163       198
   Economics   0.529412  0.473684  0.500000        95
   Education   0.653846  0.578231  0.613718       147
     Tourism   0.596774  0.606557  0.601626        61
 Environment   0.650485  0.770115  0.705263        87
    Language   0.631579  0.631579  0.631579        38
  Literature   0.600000  0.521739  0.558140        23
    Religion   0.613333  0.666667  0.638889        69
        Arts   0.442623  0.613636  0.514286        44
    Medicine   0.666667  0.716981  0.690909        53
     Customs   0.600000  0.617647  0.608696        34
 Instruments   0.876712  0.810127  0.842105        79

    accuracy                       0.637931       928
   macro avg   0.627342  0.636944  0.629698       928
weighted avg   0.642235  0.637931  0.638031       928



lmd=0.8

              precision    recall  f1-score   support

    Politics   0.668605  0.580808  0.621622       198
   Economics   0.505747  0.463158  0.483516        95
   Education   0.707692  0.625850  0.664260       147
     Tourism   0.550725  0.622951  0.584615        61
 Environment   0.639175  0.712644  0.673913        87
    Language   0.625000  0.657895  0.641026        38
  Literature   0.518519  0.608696  0.560000        23
    Religion   0.662162  0.710145  0.685315        69
        Arts   0.347826  0.545455  0.424779        44
    Medicine   0.684211  0.735849  0.709091        53
     Customs   0.653846  0.500000  0.566667        34
 Instruments   0.837500  0.848101  0.842767        79

    accuracy                       0.631466       928
   macro avg   0.616751  0.634296  0.621464       928
weighted avg   0.641152  0.631466  0.633186       928



lmd=0.9

              precision    recall  f1-score   support

    Politics   0.687500  0.555556  0.614525       198
   Economics   0.445652  0.431579  0.438503        95
   Education   0.700787  0.605442  0.649635       147
     Tourism   0.580645  0.590164  0.585366        61
 Environment   0.575472  0.701149  0.632124        87
    Language   0.585366  0.631579  0.607595        38
  Literature   0.451613  0.608696  0.518519        23
    Religion   0.608108  0.652174  0.629371        69
        Arts   0.402985  0.613636  0.486486        44
    Medicine   0.671875  0.811321  0.735043        53
     Customs   0.600000  0.441176  0.508475        34
 Instruments   0.797468  0.797468  0.797468        79

    accuracy                       0.612069       928
   macro avg   0.592289  0.619995  0.600259       928
weighted avg   0.623162  0.612069  0.612742       928



lmd=1.0

              precision    recall  f1-score   support

    Politics   0.695946  0.520202  0.595376       198
   Economics   0.460000  0.484211  0.471795        95
   Education   0.666667  0.544218  0.599251       147
     Tourism   0.619718  0.721311  0.666667        61
 Environment   0.596330  0.747126  0.663265        87
    Language   0.545455  0.631579  0.585366        38
  Literature   0.500000  0.608696  0.549020        23
    Religion   0.619718  0.637681  0.628571        69
        Arts   0.333333  0.431818  0.376238        44
    Medicine   0.646154  0.792453  0.711864        53
     Customs   0.500000  0.529412  0.514286        34
 Instruments   0.848101  0.848101  0.848101        79

    accuracy                       0.609914       928
   macro avg   0.585952  0.624734  0.600817       928
weighted avg   0.621855  0.609914  0.610105       928



lmd=0.0

              precision    recall  f1-score   support

    Politics   0.631841  0.641414  0.636591       198
   Economics   0.459184  0.473684  0.466321        95
   Education   0.681481  0.625850  0.652482       147
     Tourism   0.611111  0.540984  0.573913        61
 Environment   0.615385  0.735632  0.670157        87
    Language   0.676471  0.605263  0.638889        38
  Literature   0.428571  0.521739  0.470588        23
    Religion   0.629630  0.739130  0.680000        69
        Arts   0.420000  0.477273  0.446809        44
    Medicine   0.756098  0.584906  0.659574        53
     Customs   0.761905  0.470588  0.581818        34
 Instruments   0.802469  0.822785  0.812500        79

    accuracy                       0.625000       928
   macro avg   0.622845  0.603271  0.607470       928
weighted avg   0.632092  0.625000  0.625195       928



lmd=0.1

              precision    recall  f1-score   support

    Politics   0.653266  0.656566  0.654912       198
   Economics   0.575342  0.442105  0.500000        95
   Education   0.696296  0.639456  0.666667       147
     Tourism   0.545455  0.590164  0.566929        61
 Environment   0.659091  0.666667  0.662857        87
    Language   0.581395  0.657895  0.617284        38
  Literature   0.388889  0.608696  0.474576        23
    Religion   0.580247  0.681159  0.626667        69
        Arts   0.500000  0.500000  0.500000        44
    Medicine   0.703704  0.716981  0.710280        53
     Customs   0.653846  0.500000  0.566667        34
 Instruments   0.807229  0.848101  0.827160        79

    accuracy                       0.635776       928
   macro avg   0.612063  0.625649  0.614500       928
weighted avg   0.639382  0.635776  0.635014       928



lmd=0.2

              precision    recall  f1-score   support

    Politics   0.663102  0.626263  0.644156       198
   Economics   0.477778  0.452632  0.464865        95
   Education   0.671533  0.625850  0.647887       147
     Tourism   0.682540  0.704918  0.693548        61
 Environment   0.710843  0.678161  0.694118        87
    Language   0.500000  0.578947  0.536585        38
  Literature   0.448276  0.565217  0.500000        23
    Religion   0.621622  0.666667  0.643357        69
        Arts   0.425532  0.454545  0.439560        44
    Medicine   0.646154  0.792453  0.711864        53
     Customs   0.655172  0.558824  0.603175        34
 Instruments   0.837500  0.848101  0.842767        79

    accuracy                       0.635776       928
   macro avg   0.611671  0.629382  0.618490       928
weighted avg   0.638456  0.635776  0.635859       928



lmd=0.3

              precision    recall  f1-score   support

    Politics   0.693548  0.651515  0.671875       198
   Economics   0.511628  0.463158  0.486188        95
   Education   0.686567  0.625850  0.654804       147
     Tourism   0.616438  0.737705  0.671642        61
 Environment   0.655914  0.701149  0.677778        87
    Language   0.523810  0.578947  0.550000        38
  Literature   0.545455  0.521739  0.533333        23
    Religion   0.605263  0.666667  0.634483        69
        Arts   0.481481  0.590909  0.530612        44
    Medicine   0.672414  0.735849  0.702703        53
     Customs   0.652174  0.441176  0.526316        34
 Instruments   0.839506  0.860759  0.850000        79

    accuracy                       0.645474       928
   macro avg   0.623683  0.631285  0.624144       928
weighted avg   0.647685  0.645474  0.644389       928



lmd=0.4

              precision    recall  f1-score   support

    Politics   0.686486  0.641414  0.663185       198
   Economics   0.538462  0.442105  0.485549        95
   Education   0.720930  0.632653  0.673913       147
     Tourism   0.628571  0.721311  0.671756        61
 Environment   0.628866  0.701149  0.663043        87
    Language   0.568182  0.657895  0.609756        38
  Literature   0.500000  0.478261  0.488889        23
    Religion   0.694444  0.724638  0.709220        69
        Arts   0.403226  0.568182  0.471698        44
    Medicine   0.661290  0.773585  0.713043        53
     Customs   0.666667  0.529412  0.590164        34
 Instruments   0.837500  0.848101  0.842767        79

    accuracy                       0.650862       928
   macro avg   0.627885  0.643226  0.631915       928
weighted avg   0.655966  0.650862  0.650546       928



lmd=0.5

              precision    recall  f1-score   support

    Politics   0.712575  0.601010  0.652055       198
   Economics   0.536585  0.463158  0.497175        95
   Education   0.708955  0.646259  0.676157       147
     Tourism   0.583333  0.688525  0.631579        61
 Environment   0.659794  0.735632  0.695652        87
    Language   0.533333  0.631579  0.578313        38
  Literature   0.482759  0.608696  0.538462        23
    Religion   0.626506  0.753623  0.684211        69
        Arts   0.465517  0.613636  0.529412        44
    Medicine   0.637681  0.830189  0.721311        53
     Customs   0.812500  0.382353  0.520000        34
 Instruments   0.842105  0.810127  0.825806        79

    accuracy                       0.648707       928
   macro avg   0.633470  0.647065  0.629178       928
weighted avg   0.659803  0.648707  0.647408       928



lmd=0.6

              precision    recall  f1-score   support

    Politics   0.666667  0.616162  0.640420       198
   Economics   0.574713  0.526316  0.549451        95
   Education   0.710938  0.619048  0.661818       147
     Tourism   0.655738  0.655738  0.655738        61
 Environment   0.670103  0.747126  0.706522        87
    Language   0.595238  0.657895  0.625000        38
  Literature   0.666667  0.608696  0.636364        23
    Religion   0.602410  0.724638  0.657895        69
        Arts   0.457627  0.613636  0.524272        44
    Medicine   0.683333  0.773585  0.725664        53
     Customs   0.586207  0.500000  0.539683        34
 Instruments   0.871795  0.860759  0.866242        79

    accuracy                       0.657328       928
   macro avg   0.645120  0.658633  0.649089       928
weighted avg   0.661722  0.657328  0.657163       928



lmd=0.7

              precision    recall  f1-score   support

    Politics   0.675978  0.611111  0.641910       198
   Economics   0.524390  0.452632  0.485876        95
   Education   0.709924  0.632653  0.669065       147
     Tourism   0.605634  0.704918  0.651515        61
 Environment   0.705882  0.689655  0.697674        87
    Language   0.500000  0.657895  0.568182        38
  Literature   0.407407  0.478261  0.440000        23
    Religion   0.629630  0.739130  0.680000        69
        Arts   0.431034  0.568182  0.490196        44
    Medicine   0.677419  0.792453  0.730435        53
     Customs   0.620690  0.529412  0.571429        34
 Instruments   0.876712  0.810127  0.842105        79

    accuracy                       0.642241       928
   macro avg   0.613725  0.638869  0.622366       928
weighted avg   0.650239  0.642241  0.643229       928



lmd=0.8

              precision    recall  f1-score   support

    Politics   0.701220  0.580808  0.635359       198
   Economics   0.548387  0.536842  0.542553        95
   Education   0.673913  0.632653  0.652632       147
     Tourism   0.666667  0.688525  0.677419        61
 Environment   0.670103  0.747126  0.706522        87
    Language   0.522727  0.605263  0.560976        38
  Literature   0.448276  0.565217  0.500000        23
    Religion   0.613333  0.666667  0.638889        69
        Arts   0.448980  0.500000  0.473118        44
    Medicine   0.640625  0.773585  0.700855        53
     Customs   0.642857  0.529412  0.580645        34
 Instruments   0.809524  0.860759  0.834356        79

    accuracy                       0.643319       928
   macro avg   0.615551  0.640571  0.625277       928
weighted avg   0.647609  0.643319  0.642877       928



lmd=0.9

              precision    recall  f1-score   support

    Politics   0.701987  0.535354  0.607450       198
   Economics   0.489130  0.473684  0.481283        95
   Education   0.681481  0.625850  0.652482       147
     Tourism   0.605634  0.704918  0.651515        61
 Environment   0.611650  0.724138  0.663158        87
    Language   0.538462  0.736842  0.622222        38
  Literature   0.466667  0.608696  0.528302        23
    Religion   0.636364  0.608696  0.622222        69
        Arts   0.393443  0.545455  0.457143        44
    Medicine   0.647059  0.830189  0.727273        53
     Customs   0.625000  0.441176  0.517241        34
 Instruments   0.866667  0.822785  0.844156        79

    accuracy                       0.626078       928
   macro avg   0.605295  0.638148  0.614537       928
weighted avg   0.638170  0.626078  0.626091       928



lmd=1.0

              precision    recall  f1-score   support

    Politics   0.726496  0.429293  0.539683       198
   Economics   0.522727  0.484211  0.502732        95
   Education   0.540541  0.680272  0.602410       147
     Tourism   0.567568  0.688525  0.622222        61
 Environment   0.640449  0.655172  0.647727        87
    Language   0.585366  0.631579  0.607595        38
  Literature   0.419355  0.565217  0.481481        23
    Religion   0.645570  0.739130  0.689189        69
        Arts   0.463415  0.431818  0.447059        44
    Medicine   0.630769  0.773585  0.694915        53
     Customs   0.470588  0.470588  0.470588        34
 Instruments   0.821429  0.873418  0.846626        79

    accuracy                       0.606681       928
   macro avg   0.586189  0.618567  0.596019       928
weighted avg   0.619022  0.606681  0.601918       928



lmd=0.0

              precision    recall  f1-score   support

    Politics   0.671875  0.651515  0.661538       198
   Economics   0.488889  0.463158  0.475676        95
   Education   0.688889  0.632653  0.659574       147
     Tourism   0.660714  0.606557  0.632479        61
 Environment   0.590000  0.678161  0.631016        87
    Language   0.545455  0.631579  0.585366        38
  Literature   0.545455  0.521739  0.533333        23
    Religion   0.616279  0.768116  0.683871        69
        Arts   0.440000  0.500000  0.468085        44
    Medicine   0.755102  0.698113  0.725490        53
     Customs   0.760000  0.558824  0.644068        34
 Instruments   0.835443  0.835443  0.835443        79

    accuracy                       0.641164       928
   macro avg   0.633175  0.628822  0.627995       928
weighted avg   0.645897  0.641164  0.641437       928



lmd=0.1

              precision    recall  f1-score   support

    Politics   0.656410  0.646465  0.651399       198
   Economics   0.517647  0.463158  0.488889        95
   Education   0.713178  0.625850  0.666667       147
     Tourism   0.677966  0.655738  0.666667        61
 Environment   0.670330  0.701149  0.685393        87
    Language   0.533333  0.631579  0.578313        38
  Literature   0.375000  0.521739  0.436364        23
    Religion   0.626667  0.681159  0.652778        69
        Arts   0.433962  0.522727  0.474227        44
    Medicine   0.682540  0.811321  0.741379        53
     Customs   0.551724  0.470588  0.507937        34
 Instruments   0.888889  0.810127  0.847682        79

    accuracy                       0.640086       928
   macro avg   0.610637  0.628467  0.616475       928
weighted avg   0.646594  0.640086  0.641344       928



lmd=0.2

              precision    recall  f1-score   support

    Politics   0.638095  0.676768  0.656863       198
   Economics   0.458333  0.347368  0.395210        95
   Education   0.750000  0.612245  0.674157       147
     Tourism   0.626866  0.688525  0.656250        61
 Environment   0.652632  0.712644  0.681319        87
    Language   0.521739  0.631579  0.571429        38
  Literature   0.433333  0.565217  0.490566        23
    Religion   0.666667  0.753623  0.707483        69
        Arts   0.488372  0.477273  0.482759        44
    Medicine   0.672131  0.773585  0.719298        53
     Customs   0.500000  0.470588  0.484848        34
 Instruments   0.878378  0.822785  0.849673        79

    accuracy                       0.639009       928
   macro avg   0.607212  0.627683  0.614155       928
weighted avg   0.640569  0.639009  0.636635       928



lmd=0.3

              precision    recall  f1-score   support

    Politics   0.680000  0.601010  0.638070       198
   Economics   0.525000  0.442105  0.480000        95
   Education   0.728814  0.585034  0.649057       147
     Tourism   0.650000  0.639344  0.644628        61
 Environment   0.601770  0.781609  0.680000        87
    Language   0.581395  0.657895  0.617284        38
  Literature   0.521739  0.521739  0.521739        23
    Religion   0.588235  0.724638  0.649351        69
        Arts   0.415094  0.500000  0.453608        44
    Medicine   0.591549  0.792453  0.677419        53
     Customs   0.575758  0.558824  0.567164        34
 Instruments   0.864865  0.810127  0.836601        79

    accuracy                       0.633621       928
   macro avg   0.610352  0.634565  0.617910       928
weighted avg   0.642082  0.633621  0.632899       928



lmd=0.4

              precision    recall  f1-score   support

    Politics   0.726190  0.616162  0.666667       198
   Economics   0.564103  0.463158  0.508671        95
   Education   0.690141  0.666667  0.678201       147
     Tourism   0.545455  0.688525  0.608696        61
 Environment   0.659574  0.712644  0.685083        87
    Language   0.564103  0.578947  0.571429        38
  Literature   0.500000  0.652174  0.566038        23
    Religion   0.597561  0.710145  0.649007        69
        Arts   0.500000  0.636364  0.560000        44
    Medicine   0.763636  0.792453  0.777778        53
     Customs   0.666667  0.529412  0.590164        34
 Instruments   0.850000  0.860759  0.855346        79

    accuracy                       0.657328       928
   macro avg   0.635619  0.658951  0.643090       928
weighted avg   0.663727  0.657328  0.657076       928



lmd=0.5

              precision    recall  f1-score   support

    Politics   0.652174  0.606061  0.628272       198
   Economics   0.477778  0.452632  0.464865        95
   Education   0.684615  0.605442  0.642599       147
     Tourism   0.685185  0.606557  0.643478        61
 Environment   0.626263  0.712644  0.666667        87
    Language   0.571429  0.631579  0.600000        38
  Literature   0.500000  0.652174  0.566038        23
    Religion   0.587500  0.681159  0.630872        69
        Arts   0.418182  0.522727  0.464646        44
    Medicine   0.700000  0.792453  0.743363        53
     Customs   0.720000  0.529412  0.610169        34
 Instruments   0.848101  0.848101  0.848101        79

    accuracy                       0.632543       928
   macro avg   0.622602  0.636745  0.625756       928
weighted avg   0.638115  0.632543  0.632771       928



lmd=0.6

              precision    recall  f1-score   support

    Politics   0.711656  0.585859  0.642659       198
   Economics   0.509259  0.578947  0.541872        95
   Education   0.706767  0.639456  0.671429       147
     Tourism   0.650000  0.639344  0.644628        61
 Environment   0.685393  0.701149  0.693182        87
    Language   0.545455  0.631579  0.585366        38
  Literature   0.600000  0.521739  0.558140        23
    Religion   0.652778  0.681159  0.666667        69
        Arts   0.388060  0.590909  0.468468        44
    Medicine   0.703125  0.849057  0.769231        53
     Customs   0.555556  0.441176  0.491803        34
 Instruments   0.839506  0.860759  0.850000        79

    accuracy                       0.648707       928
   macro avg   0.628963  0.643428  0.631954       928
weighted avg   0.659031  0.648707  0.650202       928



lmd=0.7

              precision    recall  f1-score   support

    Politics   0.672131  0.621212  0.645669       198
   Economics   0.527473  0.505263  0.516129        95
   Education   0.703125  0.612245  0.654545       147
     Tourism   0.542169  0.737705  0.625000        61
 Environment   0.670455  0.678161  0.674286        87
    Language   0.565217  0.684211  0.619048        38
  Literature   0.538462  0.608696  0.571429        23
    Religion   0.619718  0.637681  0.628571        69
        Arts   0.431373  0.500000  0.463158        44
    Medicine   0.714286  0.754717  0.733945        53
     Customs   0.551724  0.470588  0.507937        34
 Instruments   0.842105  0.810127  0.825806        79

    accuracy                       0.636853       928
   macro avg   0.614853  0.635050  0.622127       928
weighted avg   0.642995  0.636853  0.637614       928



lmd=0.8

              precision    recall  f1-score   support

    Politics   0.670330  0.616162  0.642105       198
   Economics   0.517647  0.463158  0.488889        95
   Education   0.733871  0.619048  0.671587       147
     Tourism   0.564103  0.721311  0.633094        61
 Environment   0.693182  0.701149  0.697143        87
    Language   0.547619  0.605263  0.575000        38
  Literature   0.608696  0.608696  0.608696        23
    Religion   0.554217  0.666667  0.605263        69
        Arts   0.428571  0.545455  0.480000        44
    Medicine   0.694915  0.773585  0.732143        53
     Customs   0.555556  0.441176  0.491803        34
 Instruments   0.802469  0.822785  0.812500        79

    accuracy                       0.635776       928
   macro avg   0.614265  0.632038  0.619852       928
weighted avg   0.641724  0.635776  0.635798       928



lmd=0.9

              precision    recall  f1-score   support

    Politics   0.664557  0.530303  0.589888       198
   Economics   0.527473  0.505263  0.516129        95
   Education   0.703390  0.564626  0.626415       147
     Tourism   0.591549  0.688525  0.636364        61
 Environment   0.647059  0.758621  0.698413        87
    Language   0.520000  0.684211  0.590909        38
  Literature   0.500000  0.652174  0.566038        23
    Religion   0.621622  0.666667  0.643357        69
        Arts   0.406780  0.545455  0.466019        44
    Medicine   0.642857  0.849057  0.731707        53
     Customs   0.640000  0.470588  0.542373        34
 Instruments   0.837500  0.848101  0.842767        79

    accuracy                       0.628233       928
   macro avg   0.608565  0.646966  0.620865       928
weighted avg   0.637406  0.628233  0.626792       928



lmd=1.0

              precision    recall  f1-score   support

    Politics   0.664516  0.520202  0.583569       198
   Economics   0.465909  0.431579  0.448087        95
   Education   0.671875  0.585034  0.625455       147
     Tourism   0.573770  0.573770  0.573770        61
 Environment   0.584071  0.758621  0.660000        87
    Language   0.585366  0.631579  0.607595        38
  Literature   0.468750  0.652174  0.545455        23
    Religion   0.610390  0.681159  0.643836        69
        Arts   0.413793  0.545455  0.470588        44
    Medicine   0.666667  0.792453  0.724138        53
     Customs   0.593750  0.558824  0.575758        34
 Instruments   0.875000  0.886076  0.880503        79

    accuracy                       0.616379       928
   macro avg   0.597821  0.634744  0.611563       928
weighted avg   0.623287  0.616379  0.615039       928



lmd=0.0

              precision    recall  f1-score   support

    Politics   0.630332  0.671717  0.650367       198
   Economics   0.453488  0.410526  0.430939        95
   Education   0.666667  0.571429  0.615385       147
     Tourism   0.632653  0.508197  0.563636        61
 Environment   0.563636  0.712644  0.629442        87
    Language   0.615385  0.631579  0.623377        38
  Literature   0.480000  0.521739  0.500000        23
    Religion   0.595238  0.724638  0.653595        69
        Arts   0.456522  0.477273  0.466667        44
    Medicine   0.740000  0.698113  0.718447        53
     Customs   0.714286  0.441176  0.545455        34
 Instruments   0.814815  0.835443  0.825000        79

    accuracy                       0.618534       928
   macro avg   0.613585  0.600373  0.601859       928
weighted avg   0.621740  0.618534  0.616309       928



lmd=0.1

              precision    recall  f1-score   support

    Politics   0.649289  0.691919  0.669927       198
   Economics   0.536585  0.463158  0.497175        95
   Education   0.741667  0.605442  0.666667       147
     Tourism   0.648148  0.573770  0.608696        61
 Environment   0.677778  0.701149  0.689266        87
    Language   0.609756  0.657895  0.632911        38
  Literature   0.454545  0.434783  0.444444        23
    Religion   0.629630  0.739130  0.680000        69
        Arts   0.384615  0.454545  0.416667        44
    Medicine   0.688525  0.792453  0.736842        53
     Customs   0.545455  0.529412  0.537313        34
 Instruments   0.851852  0.873418  0.862500        79

    accuracy                       0.647629       928
   macro avg   0.618154  0.626423  0.620201       928
weighted avg   0.650205  0.647629  0.646507       928



lmd=0.2

              precision    recall  f1-score   support

    Politics   0.676923  0.666667  0.671756       198
   Economics   0.569767  0.515789  0.541436        95
   Education   0.706349  0.605442  0.652015       147
     Tourism   0.629032  0.639344  0.634146        61
 Environment   0.642857  0.724138  0.681081        87
    Language   0.533333  0.631579  0.578313        38
  Literature   0.520000  0.565217  0.541667        23
    Religion   0.633803  0.652174  0.642857        69
        Arts   0.461538  0.545455  0.500000        44
    Medicine   0.677966  0.754717  0.714286        53
     Customs   0.516129  0.470588  0.492308        34
 Instruments   0.833333  0.822785  0.828025        79

    accuracy                       0.645474       928
   macro avg   0.616753  0.632825  0.623158       928
weighted avg   0.648569  0.645474  0.645505       928



lmd=0.3

              precision    recall  f1-score   support

    Politics   0.644330  0.631313  0.637755       198
   Economics   0.536585  0.463158  0.497175        95
   Education   0.661972  0.639456  0.650519       147
     Tourism   0.619048  0.639344  0.629032        61
 Environment   0.625000  0.689655  0.655738        87
    Language   0.625000  0.657895  0.641026        38
  Literature   0.550000  0.478261  0.511628        23
    Religion   0.652778  0.681159  0.666667        69
        Arts   0.470588  0.545455  0.505263        44
    Medicine   0.639344  0.735849  0.684211        53
     Customs   0.666667  0.529412  0.590164        34
 Instruments   0.812500  0.822785  0.817610        79

    accuracy                       0.636853       928
   macro avg   0.625318  0.626145  0.623899       928
weighted avg   0.636731  0.636853  0.635594       928



lmd=0.4

              precision    recall  f1-score   support

    Politics   0.658163  0.651515  0.654822       198
   Economics   0.494118  0.442105  0.466667        95
   Education   0.750000  0.571429  0.648649       147
     Tourism   0.553846  0.590164  0.571429        61
 Environment   0.677083  0.747126  0.710383        87
    Language   0.615385  0.631579  0.623377        38
  Literature   0.444444  0.521739  0.480000        23
    Religion   0.615385  0.695652  0.653061        69
        Arts   0.490566  0.590909  0.536082        44
    Medicine   0.709677  0.830189  0.765217        53
     Customs   0.487179  0.558824  0.520548        34
 Instruments   0.881579  0.848101  0.864516        79

    accuracy                       0.642241       928
   macro avg   0.614785  0.639944  0.624563       928
weighted avg   0.648355  0.642241  0.642165       928



lmd=0.5

              precision    recall  f1-score   support

    Politics   0.691489  0.656566  0.673575       198
   Economics   0.530120  0.463158  0.494382        95
   Education   0.700787  0.605442  0.649635       147
     Tourism   0.645161  0.655738  0.650407        61
 Environment   0.686869  0.781609  0.731183        87
    Language   0.585366  0.631579  0.607595        38
  Literature   0.500000  0.565217  0.530612        23
    Religion   0.662338  0.739130  0.698630        69
        Arts   0.462963  0.568182  0.510204        44
    Medicine   0.706897  0.773585  0.738739        53
     Customs   0.708333  0.500000  0.586207        34
 Instruments   0.808989  0.911392  0.857143        79

    accuracy                       0.661638       928
   macro avg   0.640776  0.654300  0.644026       928
weighted avg   0.662370  0.661638  0.659336       928



lmd=0.6

              precision    recall  f1-score   support

    Politics   0.661376  0.631313  0.645995       198
   Economics   0.488889  0.463158  0.475676        95
   Education   0.677165  0.585034  0.627737       147
     Tourism   0.672131  0.672131  0.672131        61
 Environment   0.648936  0.701149  0.674033        87
    Language   0.589744  0.605263  0.597403        38
  Literature   0.413793  0.521739  0.461538        23
    Religion   0.636364  0.710145  0.671233        69
        Arts   0.362069  0.477273  0.411765        44
    Medicine   0.689655  0.754717  0.720721        53
     Customs   0.640000  0.470588  0.542373        34
 Instruments   0.851852  0.873418  0.862500        79

    accuracy                       0.632543       928
   macro avg   0.610998  0.622161  0.613592       928
weighted avg   0.637687  0.632543  0.633125       928



lmd=0.7

              precision    recall  f1-score   support

    Politics   0.680233  0.590909  0.632432       198
   Economics   0.483871  0.473684  0.478723        95
   Education   0.725664  0.557823  0.630769       147
     Tourism   0.585714  0.672131  0.625954        61
 Environment   0.687500  0.758621  0.721311        87
    Language   0.521739  0.631579  0.571429        38
  Literature   0.518519  0.608696  0.560000        23
    Religion   0.657143  0.666667  0.661871        69
        Arts   0.328125  0.477273  0.388889        44
    Medicine   0.634921  0.754717  0.689655        53
     Customs   0.533333  0.470588  0.500000        34
 Instruments   0.845238  0.898734  0.871166        79

    accuracy                       0.628233       928
   macro avg   0.600167  0.630118  0.611017       928
weighted avg   0.638963  0.628233  0.629428       928



lmd=0.8

              precision    recall  f1-score   support

    Politics   0.715190  0.570707  0.634831       198
   Economics   0.545455  0.505263  0.524590        95
   Education   0.736434  0.646259  0.688406       147
     Tourism   0.581081  0.704918  0.637037        61
 Environment   0.607143  0.781609  0.683417        87
    Language   0.577778  0.684211  0.626506        38
  Literature   0.590909  0.565217  0.577778        23
    Religion   0.612500  0.710145  0.657718        69
        Arts   0.392857  0.500000  0.440000        44
    Medicine   0.672131  0.773585  0.719298        53
     Customs   0.586207  0.500000  0.539683        34
 Instruments   0.851351  0.797468  0.823529        79

    accuracy                       0.644397       928
   macro avg   0.622420  0.644949  0.629399       928
weighted avg   0.655016  0.644397  0.644843       928



lmd=0.9

              precision    recall  f1-score   support

    Politics   0.677019  0.550505  0.607242       198
   Economics   0.505882  0.452632  0.477778        95
   Education   0.701613  0.591837  0.642066       147
     Tourism   0.645161  0.655738  0.650407        61
 Environment   0.625000  0.747126  0.680628        87
    Language   0.543478  0.657895  0.595238        38
  Literature   0.480000  0.521739  0.500000        23
    Religion   0.574713  0.724638  0.641026        69
        Arts   0.393939  0.590909  0.472727        44
    Medicine   0.634921  0.754717  0.689655        53
     Customs   0.739130  0.500000  0.596491        34
 Instruments   0.853659  0.886076  0.869565        79

    accuracy                       0.629310       928
   macro avg   0.614543  0.636151  0.618569       928
weighted avg   0.639953  0.629310  0.628851       928



lmd=1.0

              precision    recall  f1-score   support

    Politics   0.697842  0.489899  0.575668       198
   Economics   0.456140  0.547368  0.497608        95
   Education   0.677165  0.585034  0.627737       147
     Tourism   0.600000  0.688525  0.641221        61
 Environment   0.604167  0.666667  0.633880        87
    Language   0.540000  0.710526  0.613636        38
  Literature   0.461538  0.521739  0.489796        23
    Religion   0.575342  0.608696  0.591549        69
        Arts   0.384615  0.454545  0.416667        44
    Medicine   0.619718  0.830189  0.709677        53
     Customs   0.542857  0.558824  0.550725        34
 Instruments   0.813333  0.772152  0.792208        79

    accuracy                       0.603448       928
   macro avg   0.581060  0.619514  0.595031       928
weighted avg   0.618022  0.603448  0.603933       928





